time	time	departures_all	arrivals_all	stuck_all	en-route_all	departures_av	arrivals_av	stuck_av	en-route_av	departures_car	arrivals_car	stuck_car	en-route_car	departures_pt	arrivals_pt	stuck_pt	en-route_pt	departures_undefined	arrivals_undefined	stuck_undefined	en-route_undefined	departures_walk	arrivals_walk	stuck_walk	en-route_walk
00:00:00	0	1	1	0	0	0	0	0	0	0	0	0	0	0	0	0	0	0	0	0	0	1	1	0	0
00:05:00	300	0	0	0	0	0	0	0	0	0	0	0	0	0	0	0	0	0	0	0	0	0	0	0	0
00:10:00	600	0	0	0	0	0	0	0	0	0	0	0	0	0	0	0	0	0	0	0	0	0	0	0	0
00:15:00	900	0	0	0	0	0	0	0	0	0	0	0	0	0	0	0	0	0	0	0	0	0	0	0	0
00:20:00	1200	0	0	0	0	0	0	0	0	0	0	0	0	0	0	0	0	0	0	0	0	0	0	0	0
00:25:00	1500	0	0	0	0	0	0	0	0	0	0	0	0	0	0	0	0	0	0	0	0	0	0	0	0
00:30:00	1800	0	0	0	0	0	0	0	0	0	0	0	0	0	0	0	0	0	0	0	0	0	0	0	0
00:35:00	2100	0	0	0	0	0	0	0	0	0	0	0	0	0	0	0	0	0	0	0	0	0	0	0	0
00:40:00	2400	0	0	0	0	0	0	0	0	0	0	0	0	0	0	0	0	0	0	0	0	0	0	0	0
00:45:00	2700	0	0	0	0	0	0	0	0	0	0	0	0	0	0	0	0	0	0	0	0	0	0	0	0
00:50:00	3000	0	0	0	0	0	0	0	0	0	0	0	0	0	0	0	0	0	0	0	0	0	0	0	0
00:55:00	3300	0	0	0	0	0	0	0	0	0	0	0	0	0	0	0	0	0	0	0	0	0	0	0	0
01:00:00	3600	9	9	0	0	1	1	0	0	3	3	0	0	2	2	0	0	0	0	0	0	3	3	0	0
01:05:00	3900	0	0	0	0	0	0	0	0	0	0	0	0	0	0	0	0	0	0	0	0	0	0	0	0
01:10:00	4200	0	0	0	0	0	0	0	0	0	0	0	0	0	0	0	0	0	0	0	0	0	0	0	0
01:15:00	4500	0	0	0	0	0	0	0	0	0	0	0	0	0	0	0	0	0	0	0	0	0	0	0	0
01:20:00	4800	1	1	0	0	0	0	0	0	1	1	0	0	0	0	0	0	0	0	0	0	0	0	0	0
01:25:00	5100	0	0	0	0	0	0	0	0	0	0	0	0	0	0	0	0	0	0	0	0	0	0	0	0
01:30:00	5400	0	0	0	0	0	0	0	0	0	0	0	0	0	0	0	0	0	0	0	0	0	0	0	0
01:35:00	5700	0	0	0	0	0	0	0	0	0	0	0	0	0	0	0	0	0	0	0	0	0	0	0	0
01:40:00	6000	0	0	0	0	0	0	0	0	0	0	0	0	0	0	0	0	0	0	0	0	0	0	0	0
01:45:00	6300	1	1	0	0	0	0	0	0	0	0	0	0	1	1	0	0	0	0	0	0	0	0	0	0
01:50:00	6600	1	1	0	0	0	0	0	0	0	0	0	0	1	1	0	0	0	0	0	0	0	0	0	0
01:55:00	6900	0	0	0	0	0	0	0	0	0	0	0	0	0	0	0	0	0	0	0	0	0	0	0	0
02:00:00	7200	3	0	0	3	0	0	0	0	0	0	0	0	0	0	0	0	0	0	0	0	3	0	0	3
02:05:00	7500	0	0	0	3	0	0	0	0	0	0	0	0	0	0	0	0	0	0	0	0	0	0	0	3
02:10:00	7800	0	0	0	3	0	0	0	0	0	0	0	0	0	0	0	0	0	0	0	0	0	0	0	3
02:15:00	8100	1	1	0	3	0	0	0	0	1	1	0	0	0	0	0	0	0	0	0	0	0	0	0	3
02:20:00	8400	1	1	0	3	0	0	0	0	0	0	0	0	0	0	0	0	0	0	0	0	1	1	0	3
02:25:00	8700	0	0	0	3	0	0	0	0	0	0	0	0	0	0	0	0	0	0	0	0	0	0	0	3
02:30:00	9000	1	1	0	3	0	0	0	0	1	1	0	0	0	0	0	0	0	0	0	0	0	0	0	3
02:35:00	9300	1	0	0	4	0	0	0	0	0	0	0	0	1	0	0	1	0	0	0	0	0	0	0	3
02:40:00	9600	0	0	0	4	0	0	0	0	0	0	0	0	0	0	0	1	0	0	0	0	0	0	0	3
02:45:00	9900	1	1	0	4	0	0	0	0	0	0	0	0	1	1	0	1	0	0	0	0	0	0	0	3
02:50:00	10200	0	0	0	4	0	0	0	0	0	0	0	0	0	0	0	1	0	0	0	0	0	0	0	3
02:55:00	10500	14	0	0	18	0	0	0	0	3	0	0	3	5	0	0	6	0	0	0	0	6	0	0	9
03:00:00	10800	6	6	0	18	0	0	0	0	5	4	0	4	0	2	0	4	0	0	0	0	1	0	0	10
03:05:00	11100	3	7	0	14	0	0	0	0	0	0	0	4	0	4	0	0	0	0	0	0	3	3	0	10
03:10:00	11400	9	1	0	22	1	0	0	1	2	1	0	5	6	0	0	6	0	0	0	0	0	0	0	10
03:15:00	11700	3	3	0	22	0	0	0	1	0	1	0	4	0	0	0	6	0	0	0	0	3	2	0	11
03:20:00	12000	1	0	0	23	0	0	0	1	1	0	0	5	0	0	0	6	0	0	0	0	0	0	0	11
03:25:00	12300	0	2	0	21	0	0	0	1	0	0	0	5	0	2	0	4	0	0	0	0	0	0	0	11
03:30:00	12600	55	3	0	73	3	0	0	4	40	1	0	44	7	1	0	10	0	0	0	0	5	1	0	15
03:35:00	12900	0	4	0	69	0	1	0	3	0	1	0	43	0	2	0	8	0	0	0	0	0	0	0	15
03:40:00	13200	0	5	0	64	0	1	0	2	0	4	0	39	0	0	0	8	0	0	0	0	0	0	0	15
03:45:00	13500	0	4	0	60	0	0	0	2	0	4	0	35	0	0	0	8	0	0	0	0	0	0	0	15
03:50:00	13800	0	6	0	54	0	0	0	2	0	6	0	29	0	0	0	8	0	0	0	0	0	0	0	15
03:55:00	14100	2	11	0	45	0	0	0	2	2	9	0	22	0	2	0	6	0	0	0	0	0	0	0	15
04:00:00	14400	7	9	0	43	0	1	0	1	3	7	0	18	0	1	0	5	0	0	0	0	4	0	0	19
04:05:00	14700	1	10	0	34	0	1	0	0	0	7	0	11	1	2	0	4	0	0	0	0	0	0	0	19
04:10:00	15000	1	3	0	32	0	0	0	0	1	2	0	10	0	1	0	3	0	0	0	0	0	0	0	19
04:15:00	15300	3	1	0	34	0	0	0	0	2	1	0	11	1	0	0	4	0	0	0	0	0	0	0	19
04:20:00	15600	0	2	0	32	0	0	0	0	0	2	0	9	0	0	0	4	0	0	0	0	0	0	0	19
04:25:00	15900	0	5	0	27	0	0	0	0	0	3	0	6	0	2	0	2	0	0	0	0	0	0	0	19
04:30:00	16200	8	2	0	33	1	1	0	0	1	1	0	6	6	0	0	8	0	0	0	0	0	0	0	19
04:35:00	16500	0	2	0	31	0	0	0	0	0	2	0	4	0	0	0	8	0	0	0	0	0	0	0	19
04:40:00	16800	0	3	0	28	0	0	0	0	0	1	0	3	0	1	0	7	0	0	0	0	0	1	0	18
04:45:00	17100	7	7	0	28	0	0	0	0	0	1	0	2	7	6	0	8	0	0	0	0	0	0	0	18
04:50:00	17400	0	1	0	27	0	0	0	0	0	0	0	2	0	1	0	7	0	0	0	0	0	0	0	18
04:55:00	17700	1	4	0	24	0	0	0	0	0	1	0	1	0	3	0	4	0	0	0	0	1	0	0	19
05:00:00	18000	19	5	0	38	2	0	0	2	9	1	0	9	5	4	0	5	0	0	0	0	3	0	0	22
05:05:00	18300	2	4	0	36	0	2	0	0	1	1	0	9	1	1	0	5	0	0	0	0	0	0	0	22
05:10:00	18600	10	5	0	41	1	0	0	1	4	4	0	9	4	1	0	8	0	0	0	0	1	0	0	23
05:15:00	18900	11	2	0	50	0	0	0	1	0	1	0	8	8	1	0	15	0	0	0	0	3	0	0	26
05:20:00	19200	5	2	0	53	1	0	0	2	2	2	0	8	2	0	0	17	0	0	0	0	0	0	0	26
05:25:00	19500	6	10	0	49	0	0	0	2	2	1	0	9	3	9	0	11	0	0	0	0	1	0	0	27
05:30:00	19800	50	14	0	85	1	3	0	0	16	4	0	21	26	7	0	30	0	0	0	0	7	0	0	34
05:35:00	20100	11	13	0	83	0	0	0	0	1	7	0	15	9	6	0	33	0	0	0	0	1	0	0	35
05:40:00	20400	5	12	0	76	0	0	0	0	3	8	0	10	1	4	0	30	0	0	0	0	1	0	0	36
05:45:00	20700	7	19	0	64	1	0	0	1	1	5	0	6	4	13	0	21	0	0	0	0	1	1	0	36
05:50:00	21000	8	11	0	61	0	0	0	1	7	3	0	10	1	7	0	15	0	0	0	0	0	1	0	35
05:55:00	21300	10	11	0	60	0	1	0	0	0	3	0	7	9	6	0	18	0	0	0	0	1	1	0	35
06:00:00	21600	77	13	0	124	2	0	0	2	42	5	0	44	28	7	0	39	0	0	0	0	5	1	0	39
06:05:00	21900	12	16	0	120	0	0	0	2	3	7	0	40	7	6	0	40	0	0	0	0	2	3	0	38
06:10:00	22200	16	18	0	118	0	1	0	1	10	6	0	44	5	11	0	34	0	0	0	0	1	0	0	39
06:15:00	22500	21	19	0	120	0	1	0	0	9	9	0	44	8	9	0	33	0	0	0	0	4	0	0	43
06:20:00	22800	16	28	0	108	0	0	0	0	5	12	0	37	8	14	0	27	0	0	0	0	3	2	0	44
06:25:00	23100	34	15	0	127	1	0	0	1	24	10	0	51	7	4	0	30	0	0	0	0	2	1	0	45
06:30:00	23400	63	27	0	163	1	0	0	2	26	15	0	62	26	11	0	45	0	0	0	0	10	1	0	54
06:35:00	23700	22	33	0	152	1	1	0	2	8	23	0	47	13	8	0	50	0	0	0	0	0	1	0	53
06:40:00	24000	24	36	0	140	1	0	0	3	14	22	0	39	6	12	0	44	0	0	0	0	3	2	0	54
06:45:00	24300	77	28	0	189	2	1	0	4	41	14	0	66	21	12	0	53	0	0	0	0	13	1	0	66
06:50:00	24600	33	32	0	190	1	3	0	2	13	13	0	66	15	13	0	55	0	0	0	0	4	3	0	67
06:55:00	24900	29	32	0	187	0	0	0	2	14	16	0	64	10	16	0	49	0	0	0	0	5	0	0	72
07:00:00	25200	234	34	0	387	11	1	0	12	90	19	0	135	99	12	0	136	0	0	0	0	34	2	0	104
07:05:00	25500	33	84	0	336	1	6	0	7	10	52	0	93	14	24	0	126	0	0	0	0	8	2	0	110
07:10:00	25800	43	66	0	313	2	1	0	8	21	41	0	73	16	21	0	121	0	0	0	0	4	3	0	111
07:15:00	26100	94	58	0	349	2	4	0	6	27	18	0	82	57	33	0	145	0	0	0	0	8	3	0	116
07:20:00	26400	71	71	0	349	1	1	0	6	26	30	0	78	29	37	0	137	0	0	0	0	15	3	0	128
07:25:00	26700	57	65	0	341	2	4	0	4	37	23	0	92	14	35	0	116	0	0	0	0	4	3	0	129
07:30:00	27000	154	75	0	420	3	2	0	5	42	36	0	98	46	33	0	129	0	0	0	0	63	4	0	188
07:35:00	27300	84	98	0	406	1	3	0	3	47	55	0	90	17	35	0	111	0	0	0	0	19	5	0	202
07:40:00	27600	164	93	0	477	7	4	0	6	49	47	0	92	36	39	0	108	0	0	0	0	72	3	0	271
07:45:00	27900	118	67	0	528	2	2	0	6	52	32	0	112	38	27	0	119	0	0	0	0	26	6	0	291
07:50:00	28200	80	86	0	522	2	5	0	3	27	47	0	92	32	33	0	118	0	0	0	0	19	1	0	309
07:55:00	28500	66	68	0	520	1	2	0	2	28	37	0	83	26	25	0	119	0	0	0	0	11	4	0	316
08:00:00	28800	258	99	0	679	5	0	0	7	76	44	0	115	115	46	0	188	0	0	0	0	62	9	0	369
08:05:00	29100	67	103	0	643	3	4	0	6	27	37	0	105	23	52	0	159	0	0	0	0	14	10	0	373
08:10:00	29400	82	93	0	632	1	3	0	4	35	45	0	95	32	37	0	154	0	0	0	0	14	8	0	379
08:15:00	29700	133	116	0	649	4	3	0	5	45	50	0	90	63	55	0	162	0	0	0	0	21	8	0	392
08:20:00	30000	111	106	0	654	3	3	0	5	55	45	0	100	27	50	0	139	0	0	0	0	26	8	0	410
08:25:00	30300	37	83	0	608	0	2	0	3	15	31	0	84	6	42	0	103	0	0	0	0	16	8	0	418
08:30:00	30600	148	100	0	656	3	2	0	4	57	38	0	103	48	46	0	105	0	0	0	0	40	14	0	444
08:35:00	30900	101	86	0	671	2	1	0	5	23	43	0	83	58	32	0	131	0	0	0	0	18	10	0	452
08:40:00	31200	56	90	0	637	1	2	0	4	22	28	0	77	26	46	0	111	0	0	0	0	7	14	0	445
08:45:00	31500	84	82	0	639	3	4	0	3	26	33	0	70	34	35	0	110	0	0	0	0	21	10	0	456
08:50:00	31800	37	61	0	615	0	1	0	2	9	25	0	54	16	26	0	100	0	0	0	0	12	9	0	459
08:55:00	32100	31	62	0	584	0	2	0	0	4	15	0	43	10	30	0	80	0	0	0	0	17	15	0	461
09:00:00	32400	177	80	0	681	5	3	0	2	65	34	0	74	52	28	0	104	1	0	0	1	54	15	0	500
09:05:00	32700	20	72	0	629	0	0	0	2	3	24	0	53	7	31	0	80	0	0	0	1	10	17	0	493
09:10:00	33000	25	59	0	595	1	1	0	2	8	19	0	42	8	22	0	66	0	0	0	1	8	17	0	484
09:15:00	33300	74	74	0	595	5	4	0	3	23	27	0	38	26	27	0	65	0	0	0	1	20	16	0	488
09:20:00	33600	49	53	0	591	4	2	0	5	17	16	0	39	6	17	0	54	0	0	0	1	22	18	0	492
09:25:00	33900	27	55	0	563	1	3	0	3	11	12	0	38	6	22	0	38	0	0	0	1	9	18	0	483
09:30:00	34200	77	45	0	595	0	3	0	0	29	12	0	55	29	22	0	45	0	0	0	1	19	8	0	494
09:35:00	34500	26	35	0	586	0	0	0	0	10	15	0	50	5	13	0	37	0	0	0	1	11	7	0	498
09:40:00	34800	43	42	0	587	0	0	0	0	18	21	0	47	11	12	0	36	0	0	0	1	14	9	0	503
09:45:00	35100	98	49	0	636	1	0	0	1	19	28	0	38	22	15	0	43	0	1	0	0	56	5	0	554
09:50:00	35400	31	32	0	635	0	0	0	1	3	14	0	27	16	8	0	51	0	0	0	0	12	10	0	556
09:55:00	35700	28	25	0	638	1	1	0	1	9	2	0	34	10	13	0	48	0	0	0	0	8	9	0	555
10:00:00	36000	136	47	0	727	4	1	0	4	54	20	0	68	49	16	0	81	0	0	0	0	29	10	0	574
10:05:00	36300	21	65	0	683	0	1	0	3	4	11	0	61	11	33	0	59	0	0	0	0	6	20	0	560
10:10:00	36600	41	52	0	672	1	0	0	4	20	26	0	55	14	10	0	63	0	0	0	0	6	16	0	550
10:15:00	36900	39	68	0	643	1	2	0	3	21	34	0	42	7	20	0	50	0	0	0	0	10	12	0	548
10:20:00	37200	26	47	0	622	0	3	0	0	10	15	0	37	11	15	0	46	0	0	0	0	5	14	0	539
10:25:00	37500	16	36	0	602	0	0	0	0	5	12	0	30	6	14	0	38	0	0	0	0	5	10	0	534
10:30:00	37800	226	73	0	755	5	2	0	3	167	41	0	156	29	13	0	54	0	0	0	0	25	17	0	542
10:35:00	38100	25	71	0	709	0	1	0	2	7	39	0	124	6	20	0	40	0	0	0	0	12	11	0	543
10:40:00	38400	37	90	0	656	0	1	0	1	18	63	0	79	0	11	0	29	0	0	0	0	19	15	0	547
10:45:00	38700	39	81	0	614	4	4	0	1	17	53	0	43	6	11	0	24	0	0	0	0	12	13	0	546
10:50:00	39000	26	47	0	593	0	0	0	1	9	24	0	28	6	9	0	21	0	0	0	0	11	14	0	543
10:55:00	39300	19	28	0	584	0	0	0	1	10	14	0	24	2	8	0	15	0	0	0	0	7	6	0	544
11:00:00	39600	147	40	0	691	4	0	0	5	69	21	0	72	45	4	0	56	0	0	0	0	29	15	0	558
11:05:00	39900	46	41	0	696	0	1	0	4	20	16	0	76	13	12	0	57	0	0	0	0	13	12	0	559
11:10:00	40200	43	44	0	695	3	2	0	5	12	21	0	67	8	14	0	51	0	0	0	0	20	7	0	572
11:15:00	40500	84	50	0	729	3	4	0	4	21	24	0	64	10	12	0	49	1	0	0	1	49	10	0	611
11:20:00	40800	57	55	0	731	0	2	0	2	32	26	0	70	10	12	0	47	0	0	0	1	15	15	0	611
11:25:00	41100	33	43	0	721	2	3	0	1	13	18	0	65	8	13	0	42	0	1	0	0	10	8	0	613
11:30:00	41400	82	48	0	755	7	3	0	5	25	21	0	69	24	11	0	55	0	0	0	0	26	13	0	626
11:35:00	41700	31	69	0	717	0	3	0	2	11	23	0	57	11	29	0	37	0	0	0	0	9	14	0	621
11:40:00	42000	46	61	0	702	1	2	0	1	15	32	0	40	12	10	0	39	0	0	0	0	18	17	0	622
11:45:00	42300	26	38	0	690	0	0	0	1	15	17	0	38	6	11	0	34	0	0	0	0	5	10	0	617
11:50:00	42600	42	38	0	694	1	1	0	1	18	11	0	45	5	6	0	33	0	0	0	0	18	20	0	615
11:55:00	42900	34	41	0	687	1	1	0	1	17	21	0	41	8	12	0	29	0	0	0	0	8	7	0	616
12:00:00	43200	149	54	0	782	7	1	0	7	31	24	0	48	80	16	0	93	0	0	0	0	31	13	0	634
12:05:00	43500	46	54	0	774	0	3	0	4	17	17	0	48	8	18	0	83	0	0	0	0	21	16	0	639
12:10:00	43800	50	71	0	753	1	2	0	3	13	20	0	41	15	31	0	67	0	0	0	0	21	18	0	642
12:15:00	44100	102	63	0	792	3	3	0	3	27	19	0	49	11	29	0	49	5	0	0	5	56	12	0	686
12:20:00	44400	36	59	0	769	1	3	0	1	16	21	0	44	8	25	0	32	0	0	0	5	11	10	0	687
12:25:00	44700	34	47	0	756	2	2	0	1	3	8	0	39	9	11	0	30	0	4	0	1	20	22	0	685
12:30:00	45000	75	54	0	777	3	3	0	1	27	18	0	48	16	11	0	35	0	1	0	0	29	21	0	693
12:35:00	45300	54	62	0	769	2	2	0	1	5	18	0	35	28	26	0	37	0	0	0	0	19	16	0	696
12:40:00	45600	32	45	0	756	0	0	0	1	9	18	0	26	4	11	0	30	0	0	0	0	19	16	0	699
12:45:00	45900	138	62	0	832	0	0	0	1	27	23	0	30	86	13	0	103	1	0	0	1	24	26	0	697
12:50:00	46200	44	53	0	823	0	1	0	0	18	12	0	36	11	27	0	87	0	0	0	1	15	13	0	699
12:55:00	46500	47	63	0	807	3	1	0	2	13	14	0	35	5	18	0	74	0	1	0	0	26	29	0	696
13:00:00	46800	116	53	0	870	5	4	0	3	25	17	0	43	51	24	0	101	0	0	0	0	35	8	0	723
13:05:00	47100	55	78	0	847	2	4	0	1	17	19	0	41	11	37	0	75	0	0	0	0	25	18	0	730
13:10:00	47400	48	64	0	831	0	0	0	1	12	13	0	40	10	28	0	57	1	0	0	1	25	23	0	732
13:15:00	47700	43	61	0	813	2	2	0	1	17	20	0	37	6	16	0	47	0	0	0	1	18	23	0	727
13:20:00	48000	56	63	0	806	2	0	0	3	16	12	0	41	17	23	0	41	0	1	0	0	21	27	0	721
13:25:00	48300	43	46	0	803	1	2	0	2	26	16	0	51	2	13	0	30	0	0	0	0	14	15	0	720
13:30:00	48600	212	74	0	941	6	3	0	5	68	25	0	94	32	13	0	49	1	0	0	1	105	33	0	792
13:35:00	48900	42	65	0	918	0	2	0	3	18	19	0	93	7	15	0	41	0	0	0	1	17	29	0	780
13:40:00	49200	31	71	0	878	1	2	0	2	13	32	0	74	4	8	0	37	0	0	0	1	13	29	0	764
13:45:00	49500	97	86	0	889	6	4	0	4	31	26	0	79	33	16	0	54	0	0	0	1	27	40	0	751
13:50:00	49800	57	69	0	877	0	1	0	3	23	13	0	89	7	10	0	51	0	0	0	1	27	45	0	733
13:55:00	50100	54	77	0	854	1	0	0	4	25	36	0	78	10	16	0	45	0	0	0	1	18	25	0	726
14:00:00	50400	337	75	0	1116	5	1	0	8	176	32	0	222	107	21	0	131	0	0	0	1	49	21	0	754
14:05:00	50700	51	99	0	1068	2	4	0	6	13	47	0	188	20	24	0	127	0	0	0	1	16	24	0	746
14:10:00	51000	50	130	0	988	0	3	0	3	22	69	0	141	12	35	0	104	0	0	0	1	16	23	0	739
14:15:00	51300	54	114	0	928	0	2	0	1	20	58	0	103	12	24	0	92	0	1	0	0	22	29	0	732
14:20:00	51600	45	108	0	865	2	2	0	1	18	52	0	69	7	35	0	64	0	0	0	0	18	19	0	731
14:25:00	51900	37	76	0	826	2	0	0	3	14	30	0	53	5	25	0	44	0	0	0	0	16	21	0	726
14:30:00	52200	124	76	0	874	4	2	0	5	36	25	0	64	43	25	0	62	0	0	0	0	41	24	0	743
14:35:00	52500	64	72	0	866	1	4	0	2	26	26	0	64	15	15	0	62	4	0	0	4	18	27	0	734
14:40:00	52800	57	49	0	874	1	0	0	3	26	17	0	73	10	11	0	61	1	0	0	5	19	21	0	732
14:45:00	53100	91	65	0	900	1	1	0	3	25	32	0	66	44	11	0	94	0	0	0	5	21	21	0	732
14:50:00	53400	79	96	0	883	4	5	0	2	34	37	0	63	15	27	0	82	0	3	0	2	26	24	0	734
14:55:00	53700	64	66	0	881	0	2	0	0	26	20	0	69	9	21	0	70	0	1	0	1	29	22	0	741
15:00:00	54000	195	81	0	995	4	0	0	4	81	34	0	116	70	30	0	110	0	0	0	1	40	17	0	764
15:05:00	54300	62	83	0	974	0	3	0	1	26	40	0	102	23	24	0	109	0	0	0	1	13	16	0	761
15:10:00	54600	48	98	0	924	3	2	0	2	21	50	0	73	12	27	0	94	1	0	0	2	11	19	0	753
15:15:00	54900	78	77	0	925	3	2	0	3	31	28	0	76	26	31	0	89	0	0	0	2	18	16	0	755
15:20:00	55200	60	80	0	905	0	2	0	1	38	40	0	74	10	23	0	76	0	0	0	2	12	15	0	752
15:25:00	55500	63	82	0	886	1	0	0	2	11	44	0	41	13	17	0	72	5	0	0	7	33	21	0	764
15:30:00	55800	121	72	0	935	3	3	0	2	43	23	0	61	52	26	0	98	0	0	0	7	23	20	0	767
15:35:00	56100	68	81	0	922	0	1	0	1	29	25	0	65	19	29	0	88	0	4	0	3	20	22	0	765
15:40:00	56400	52	83	0	891	0	0	0	1	29	33	0	61	8	28	0	68	0	1	0	2	15	21	0	759
15:45:00	56700	51	70	0	872	0	0	0	1	24	28	0	57	9	22	0	55	0	0	0	2	18	20	0	757
15:50:00	57000	60	61	0	871	1	1	0	1	16	16	0	57	31	20	0	66	0	0	0	2	12	24	0	745
15:55:00	57300	82	76	0	877	0	1	0	0	44	29	0	72	16	22	0	60	0	0	0	2	22	24	0	743
16:00:00	57600	144	73	0	948	5	1	0	4	64	35	0	101	48	17	0	91	10	0	0	12	17	20	0	740
16:05:00	57900	50	95	0	903	0	3	0	1	13	30	0	84	19	34	0	76	0	0	0	12	18	28	0	730
16:10:00	58200	72	84	0	891	2	2	0	1	41	38	0	87	16	24	0	68	0	1	0	11	13	19	0	724
16:15:00	58500	71	97	0	865	5	3	0	3	22	51	0	58	23	25	0	66	0	0	0	11	21	18	0	727
16:20:00	58800	45	79	0	831	1	2	0	2	15	33	0	40	11	23	0	54	0	0	0	11	18	21	0	724
16:25:00	59100	59	58	0	832	0	1	0	1	22	23	0	39	14	12	0	56	0	0	0	11	23	22	0	725
16:30:00	59400	156	73	0	915	4	0	0	5	75	31	0	83	52	24	0	84	0	0	0	11	25	18	0	732
16:35:00	59700	72	63	0	924	2	3	0	4	41	23	0	101	12	20	0	76	0	0	0	11	17	17	0	732
16:40:00	60000	120	70	0	974	4	3	0	5	15	32	0	84	14	21	0	69	0	0	0	11	87	14	0	805
16:45:00	60300	64	75	0	963	3	2	0	6	23	21	0	86	16	21	0	64	0	0	0	11	22	31	0	796
16:50:00	60600	57	54	0	966	1	5	0	2	18	20	0	84	24	12	0	76	0	0	0	11	14	17	0	793
16:55:00	60900	65	73	0	958	0	1	0	1	18	24	0	78	27	28	0	75	0	0	0	11	20	20	0	793
17:00:00	61200	190	82	0	1066	5	0	0	6	45	35	0	88	100	24	0	151	0	0	0	11	40	23	0	810
17:05:00	61500	109	87	0	1088	0	2	0	4	36	41	0	83	9	29	0	131	0	0	0	11	64	15	0	859
17:10:00	61800	69	78	0	1079	4	6	0	2	22	20	0	85	30	32	0	129	0	2	0	9	13	18	0	854
17:15:00	62100	112	88	0	1103	6	2	0	6	40	33	0	92	40	36	0	133	3	9	0	3	23	8	0	869
17:20:00	62400	47	80	0	1070	1	0	0	7	10	36	0	66	15	29	0	119	0	0	0	3	21	15	0	875
17:25:00	62700	114	99	0	1085	1	1	0	7	37	38	0	65	54	46	0	127	0	0	0	3	22	14	0	883
17:30:00	63000	144	72	0	1157	7	4	0	10	36	20	0	81	73	26	0	174	0	0	0	3	28	22	0	889
17:35:00	63300	58	84	0	1131	0	4	0	6	19	23	0	77	14	31	0	157	0	0	0	3	25	26	0	888
17:40:00	63600	59	94	0	1096	2	4	0	4	14	25	0	66	20	44	0	133	0	0	0	3	23	21	0	890
17:45:00	63900	109	92	0	1113	0	3	0	1	27	22	0	71	44	36	0	141	0	0	0	3	38	31	0	897
17:50:00	64200	62	102	0	1073	5	1	0	5	22	32	0	61	12	47	0	106	0	1	0	2	23	21	0	899
17:55:00	64500	67	77	0	1063	0	4	0	1	29	24	0	66	17	34	0	89	0	1	0	1	21	14	0	906
18:00:00	64800	149	94	0	1118	5	2	0	4	26	30	0	62	80	35	0	134	0	1	0	0	38	26	0	918
18:05:00	65100	49	96	0	1071	2	4	0	2	14	28	0	48	10	48	0	96	0	0	0	0	23	16	0	925
18:10:00	65400	44	66	0	1049	1	1	0	2	15	16	0	47	13	34	0	75	0	0	0	0	15	15	0	925
18:15:00	65700	72	63	0	1058	2	1	0	3	28	21	0	54	23	21	0	77	0	0	0	0	19	20	0	924
18:20:00	66000	51	64	0	1045	2	1	0	4	14	22	0	46	10	24	0	63	0	0	0	0	25	17	0	932
18:25:00	66300	58	56	0	1047	0	1	0	3	16	19	0	43	24	19	0	68	0	0	0	0	18	17	0	933
18:30:00	66600	69	61	0	1055	0	1	0	2	23	19	0	47	22	20	0	70	0	0	0	0	24	21	0	936
18:35:00	66900	40	74	0	1021	1	1	0	2	8	13	0	42	12	36	0	46	0	0	0	0	19	24	0	931
18:40:00	67200	63	61	0	1023	0	1	0	1	32	16	0	58	16	22	0	40	0	0	0	0	15	22	0	924
18:45:00	67500	43	53	0	1013	0	0	0	1	15	16	0	57	13	12	0	41	0	0	0	0	15	25	0	914
18:50:00	67800	37	54	0	996	1	1	0	1	11	16	0	52	7	19	0	29	0	0	0	0	18	18	0	914
18:55:00	68100	31	48	0	979	1	0	0	2	8	26	0	34	4	7	0	26	0	0	0	0	18	15	0	917
19:00:00	68400	84	56	0	1007	6	2	0	6	32	21	0	45	28	8	0	46	0	0	0	0	18	25	0	910
19:05:00	68700	38	49	0	996	0	1	0	5	9	16	0	38	13	13	0	46	0	0	0	0	16	19	0	907
19:10:00	69000	38	39	0	995	0	3	0	2	13	11	0	40	7	13	0	40	0	0	0	0	18	12	0	913
19:15:00	69300	37	48	0	984	1	2	0	1	12	19	0	33	14	13	0	41	0	0	0	0	10	14	0	909
19:20:00	69600	30	40	0	974	0	1	0	0	7	8	0	32	6	9	0	38	1	0	0	1	16	22	0	903
19:25:00	69900	42	48	0	968	1	0	0	1	9	15	0	26	5	12	0	31	0	0	0	1	27	21	0	909
19:30:00	70200	63	44	0	987	2	1	0	2	26	16	0	36	18	10	0	39	0	0	0	1	17	17	0	909
19:35:00	70500	23	42	0	968	0	1	0	1	5	12	0	29	7	11	0	35	0	1	0	0	11	17	0	903
19:40:00	70800	29	45	0	952	1	1	0	1	7	9	0	27	4	15	0	24	0	0	0	0	17	20	0	900
19:45:00	71100	49	46	0	955	1	1	0	1	21	13	0	35	14	11	0	27	0	0	0	0	13	21	0	892
19:50:00	71400	32	36	0	951	1	1	0	1	12	11	0	36	7	5	0	29	0	0	0	0	12	19	0	885
19:55:00	71700	20	34	0	937	0	0	0	1	4	13	0	27	6	7	0	28	0	0	0	0	10	14	0	881
20:00:00	72000	63	47	0	953	1	2	0	0	21	12	0	36	19	11	0	36	0	0	0	0	22	22	0	881
20:05:00	72300	28	43	0	938	0	0	0	0	16	14	0	38	2	6	0	32	0	0	0	0	10	23	0	868
20:10:00	72600	23	41	0	920	1	0	0	1	9	17	0	30	6	9	0	29	0	0	0	0	7	15	0	860
20:15:00	72900	26	33	0	913	3	2	0	2	3	12	0	21	6	5	0	30	0	0	0	0	14	14	0	860
20:20:00	73200	24	31	0	906	0	0	0	2	8	10	0	19	7	6	0	31	0	0	0	0	9	15	0	854
20:25:00	73500	23	36	0	893	1	1	0	2	4	4	0	19	8	13	0	26	0	0	0	0	10	18	0	846
20:30:00	73800	17	34	0	876	2	2	0	2	5	9	0	15	1	10	0	17	0	0	0	0	9	13	0	842
20:35:00	74100	24	35	0	865	0	0	0	2	8	8	0	15	2	7	0	12	0	0	0	0	14	20	0	836
20:40:00	74400	26	30	0	861	2	2	0	2	9	9	0	15	7	5	0	14	0	0	0	0	8	14	0	830
20:45:00	74700	22	32	0	851	0	1	0	1	14	10	0	19	5	7	0	12	0	0	0	0	3	14	0	819
20:50:00	75000	17	28	0	840	0	0	0	1	5	10	0	14	2	6	0	8	0	0	0	0	10	12	0	817
20:55:00	75300	32	24	0	848	2	2	0	1	7	7	0	14	0	0	0	8	0	0	0	0	23	15	0	825
21:00:00	75600	54	36	0	866	3	3	0	1	28	19	0	23	14	1	0	21	0	0	0	0	9	13	0	821
21:05:00	75900	21	31	0	856	0	1	0	0	10	13	0	20	4	7	0	18	0	0	0	0	7	10	0	818
21:10:00	76200	14	31	0	839	0	0	0	0	2	6	0	16	1	7	0	12	0	0	0	0	11	18	0	811
21:15:00	76500	30	27	0	842	1	0	0	1	5	10	0	11	16	4	0	24	0	0	0	0	8	13	0	806
21:20:00	76800	23	30	0	835	2	2	0	1	8	9	0	10	4	6	0	22	0	0	0	0	9	13	0	802
21:25:00	77100	28	23	0	840	1	2	0	0	11	4	0	17	8	7	0	23	0	0	0	0	8	10	0	800
21:30:00	77400	24	24	0	840	2	0	0	2	6	5	0	18	1	6	0	18	0	0	0	0	15	13	0	802
21:35:00	77700	16	37	0	819	0	1	0	1	8	10	0	16	0	9	0	9	0	0	0	0	8	17	0	793
21:40:00	78000	26	27	0	818	0	0	0	1	6	6	0	16	6	6	0	9	0	0	0	0	14	15	0	792
21:45:00	78300	10	13	0	815	0	0	0	1	5	4	0	17	0	0	0	9	0	0	0	0	5	9	0	788
21:50:00	78600	26	23	0	818	0	0	0	1	2	8	0	11	6	2	0	13	0	0	0	0	18	13	0	793
21:55:00	78900	26	25	0	819	0	0	0	1	14	5	0	20	4	5	0	12	0	0	0	0	8	15	0	786
22:00:00	79200	26	31	0	814	1	1	0	1	13	13	0	20	4	5	0	11	0	0	0	0	8	12	0	782
22:05:00	79500	13	16	0	811	1	1	0	1	7	5	0	22	1	3	0	9	0	0	0	0	4	7	0	779
22:10:00	79800	12	19	0	804	0	1	0	0	2	2	0	22	2	3	0	8	0	0	0	0	8	13	0	774
22:15:00	80100	19	22	0	801	0	0	0	0	7	9	0	20	2	1	0	9	0	0	0	0	10	12	0	772
22:20:00	80400	22	15	0	808	0	0	0	0	13	12	0	21	7	0	0	16	0	0	0	0	2	3	0	771
22:25:00	80700	10	17	0	801	0	0	0	0	4	5	0	20	1	5	0	12	0	0	0	0	5	7	0	769
22:30:00	81000	28	31	0	798	0	0	0	0	14	12	0	22	2	3	0	11	0	0	0	0	12	16	0	765
22:35:00	81300	16	24	0	790	0	0	0	0	2	6	0	18	1	1	0	11	0	0	0	0	13	17	0	761
22:40:00	81600	9	19	0	780	0	0	0	0	3	7	0	14	2	3	0	10	0	0	0	0	4	9	0	756
22:45:00	81900	18	24	0	774	0	0	0	0	4	7	0	11	2	4	0	8	0	0	0	0	12	13	0	755
22:50:00	82200	10	16	0	768	0	0	0	0	3	3	0	11	1	6	0	3	0	0	0	0	6	7	0	754
22:55:00	82500	12	15	0	765	0	0	0	0	4	5	0	10	1	1	0	3	0	0	0	0	7	9	0	752
23:00:00	82800	30	31	0	764	0	0	0	0	8	9	0	9	8	2	0	9	0	0	0	0	14	20	0	746
23:05:00	83100	15	21	0	758	0	0	0	0	0	3	0	6	2	2	0	9	0	0	0	0	13	16	0	743
23:10:00	83400	11	19	0	750	0	0	0	0	0	4	0	2	3	3	0	9	0	0	0	0	8	12	0	739
23:15:00	83700	12	22	0	740	0	0	0	0	3	2	0	3	0	7	0	2	0	0	0	0	9	13	0	735
23:20:00	84000	11	11	0	740	0	0	0	0	2	0	0	5	0	1	0	1	0	0	0	0	9	10	0	734
23:25:00	84300	15	13	0	742	0	0	0	0	4	2	0	7	2	1	0	2	0	0	0	0	9	10	0	733
23:30:00	84600	39	13	0	768	0	0	0	0	7	4	0	10	26	1	0	27	0	0	0	0	6	8	0	731
23:35:00	84900	10	16	0	762	0	0	0	0	2	3	0	9	0	2	0	25	0	0	0	0	8	11	0	728
23:40:00	85200	19	18	0	763	1	0	0	1	3	2	0	10	1	5	0	21	0	0	0	0	14	11	0	731
23:45:00	85500	27	31	0	759	0	0	0	1	0	3	0	7	0	20	0	1	0	0	0	0	27	8	0	750
23:50:00	85800	11	14	0	756	2	2	0	1	1	3	0	5	2	0	0	3	0	0	0	0	6	9	0	747
23:55:00	86100	9	14	0	751	1	1	0	1	0	1	0	4	0	0	0	3	0	0	0	0	8	12	0	743
24:00:00	86400	11	14	0	748	0	1	0	0	0	0	0	4	0	2	0	1	0	0	0	0	11	11	0	743
24:05:00	86700	6	8	0	746	0	0	0	0	0	0	0	4	1	1	0	1	0	0	0	0	5	7	0	741
24:10:00	87000	8	8	0	746	0	0	0	0	0	0	0	4	0	0	0	1	0	0	0	0	8	8	0	741
24:15:00	87300	5	8	0	743	0	0	0	0	0	1	0	3	1	0	0	2	0	0	0	0	4	7	0	738
24:20:00	87600	7	10	0	740	0	0	0	0	0	1	0	2	0	0	0	2	0	0	0	0	7	9	0	736
24:25:00	87900	7	10	0	737	0	0	0	0	0	0	0	2	1	1	0	2	0	0	0	0	6	9	0	733
24:30:00	88200	6	9	0	734	0	0	0	0	0	1	0	1	1	1	0	2	0	0	0	0	5	7	0	731
24:35:00	88500	3	7	0	730	0	0	0	0	0	1	0	0	0	0	0	2	0	0	0	0	3	6	0	728
24:40:00	88800	9	11	0	728	0	0	0	0	0	0	0	0	0	1	0	1	0	0	0	0	9	10	0	727
24:45:00	89100	6	8	0	726	0	0	0	0	0	0	0	0	0	0	0	1	0	0	0	0	6	8	0	725
24:50:00	89400	10	14	0	722	0	0	0	0	0	0	0	0	0	0	0	1	0	0	0	0	10	14	0	721
24:55:00	89700	8	10	0	720	0	0	0	0	0	0	0	0	1	0	0	2	0	0	0	0	7	10	0	718
25:00:00	90000	4	6	0	718	0	0	0	0	0	0	0	0	0	0	0	2	0	0	0	0	4	6	0	716
25:05:00	90300	10	12	0	716	0	0	0	0	1	0	0	1	1	1	0	2	0	0	0	0	8	11	0	713
25:10:00	90600	4	8	0	712	0	0	0	0	0	0	0	1	0	0	0	2	0	0	0	0	4	8	0	709
25:15:00	90900	5	7	0	710	0	0	0	0	0	0	0	1	1	0	0	3	0	0	0	0	4	7	0	706
25:20:00	91200	6	8	0	708	0	0	0	0	0	0	0	1	0	1	0	2	0	0	0	0	6	7	0	705
25:25:00	91500	8	10	0	706	0	0	0	0	2	2	0	1	0	0	0	2	0	0	0	0	6	8	0	703
25:30:00	91800	12	14	0	704	0	0	0	0	3	1	0	3	0	0	0	2	0	0	0	0	9	13	0	699
25:35:00	92100	9	12	0	701	0	0	0	0	0	1	0	2	1	1	0	2	0	0	0	0	8	10	0	697
25:40:00	92400	6	9	0	698	0	0	0	0	1	1	0	2	1	1	0	2	0	0	0	0	4	7	0	694
25:45:00	92700	6	7	0	697	0	0	0	0	0	1	0	1	0	0	0	2	0	0	0	0	6	6	0	694
25:50:00	93000	9	13	0	693	0	0	0	0	0	1	0	0	0	0	0	2	0	0	0	0	9	12	0	691
25:55:00	93300	3	5	0	691	0	0	0	0	0	0	0	0	0	0	0	2	0	0	0	0	3	5	0	689
26:00:00	93600	7	8	0	690	0	0	0	0	0	0	0	0	0	0	0	2	0	0	0	0	7	8	0	688
26:05:00	93900	4	6	0	688	0	0	0	0	1	0	0	1	0	0	0	2	0	0	0	0	3	6	0	685
26:10:00	94200	7	9	0	686	0	0	0	0	0	1	0	0	0	1	0	1	0	0	0	0	7	7	0	685
26:15:00	94500	6	7	0	685	0	0	0	0	0	0	0	0	0	1	0	0	0	0	0	0	6	6	0	685
26:20:00	94800	8	10	0	683	0	0	0	0	1	0	0	1	0	0	0	0	0	0	0	0	7	10	0	682
26:25:00	95100	8	11	0	680	0	0	0	0	1	0	0	2	0	0	0	0	0	0	0	0	7	11	0	678
26:30:00	95400	5	7	0	678	0	0	0	0	0	1	0	1	0	0	0	0	0	0	0	0	5	6	0	677
26:35:00	95700	4	6	0	676	0	0	0	0	1	0	0	2	0	0	0	0	0	0	0	0	3	6	0	674
26:40:00	96000	3	3	0	676	0	0	0	0	1	1	0	2	0	0	0	0	0	0	0	0	2	2	0	674
26:45:00	96300	7	9	0	674	0	0	0	0	3	3	0	2	0	0	0	0	0	0	0	0	4	6	0	672
26:50:00	96600	5	10	0	669	0	0	0	0	0	0	0	2	0	0	0	0	0	0	0	0	5	10	0	667
26:55:00	96900	4	6	0	667	0	0	0	0	0	1	0	1	0	0	0	0	0	0	0	0	4	5	0	666
27:00:00	97200	6	9	0	664	0	0	0	0	1	1	0	1	1	0	0	1	0	0	0	0	4	8	0	662
27:05:00	97500	8	9	0	663	0	0	0	0	1	0	0	2	1	0	0	2	0	0	0	0	6	9	0	659
27:10:00	97800	3	4	0	662	0	0	0	0	0	0	0	2	0	0	0	2	0	0	0	0	3	4	0	658
27:15:00	98100	10	14	0	658	0	0	0	0	3	2	0	3	1	1	0	2	0	0	0	0	6	11	0	653
27:20:00	98400	9	11	0	656	0	0	0	0	0	1	0	2	0	1	0	1	0	0	0	0	9	9	0	653
27:25:00	98700	5	7	0	654	1	0	0	1	1	0	0	3	0	1	0	0	0	0	0	0	3	6	0	650
27:30:00	99000	4	8	0	650	1	1	0	1	1	1	0	3	1	0	0	1	0	0	0	0	1	6	0	645
27:35:00	99300	7	7	0	650	1	1	0	1	1	1	0	3	0	0	0	1	0	0	0	0	5	5	0	645
27:40:00	99600	5	9	0	646	0	1	0	0	2	2	0	3	0	0	0	1	0	0	0	0	3	6	0	642
27:45:00	99900	5	7	0	644	0	0	0	0	1	2	0	2	0	0	0	1	0	0	0	0	4	5	0	641
27:50:00	100200	5	7	0	642	0	0	0	0	1	1	0	2	1	0	0	2	0	0	0	0	3	6	0	638
27:55:00	100500	3	4	0	641	0	0	0	0	1	1	0	2	0	0	0	2	0	0	0	0	2	3	0	637
28:00:00	100800	4	6	0	639	0	0	0	0	0	0	0	2	1	1	0	2	0	0	0	0	3	5	0	635
28:05:00	101100	3	5	0	637	0	0	0	0	2	0	0	4	0	0	0	2	0	0	0	0	1	5	0	631
28:10:00	101400	3	6	0	634	0	0	0	0	0	1	0	3	0	0	0	2	0	0	0	0	3	5	0	629
28:15:00	101700	3	4	0	633	0	0	0	0	0	0	0	3	0	0	0	2	0	0	0	0	3	4	0	628
28:20:00	102000	2	5	0	630	0	0	0	0	1	2	0	2	0	0	0	2	0	0	0	0	1	3	0	626
28:25:00	102300	5	9	0	626	0	0	0	0	0	0	0	2	1	1	0	2	0	0	0	0	4	8	0	622
28:30:00	102600	7	10	0	623	0	0	0	0	1	1	0	2	0	0	0	2	0	0	0	0	6	9	0	619
28:35:00	102900	4	6	0	621	0	0	0	0	1	1	0	2	0	1	0	1	0	0	0	0	3	4	0	618
28:40:00	103200	7	10	0	618	0	0	0	0	0	0	0	2	0	0	0	1	0	0	0	0	7	10	0	615
28:45:00	103500	5	9	0	614	0	0	0	0	0	1	0	1	0	0	0	1	0	0	0	0	5	8	0	612
28:50:00	103800	9	10	0	613	0	0	0	0	2	2	0	1	0	0	0	1	0	0	0	0	7	8	0	611
28:55:00	104100	4	6	0	611	0	0	0	0	0	0	0	1	0	0	0	1	0	0	0	0	4	6	0	609
29:00:00	104400	8	11	0	608	0	0	0	0	0	1	0	0	0	0	0	1	0	0	0	0	8	10	0	607
29:05:00	104700	7	8	0	607	0	0	0	0	0	0	0	0	1	1	0	1	0	0	0	0	6	7	0	606
29:10:00	105000	4	7	0	604	0	0	0	0	0	0	0	0	0	0	0	1	0	0	0	0	4	7	0	603
29:15:00	105300	8	10	0	602	0	0	0	0	1	0	0	1	0	0	0	1	0	0	0	0	7	10	0	600
29:20:00	105600	4	8	0	598	0	0	0	0	1	0	0	2	1	0	0	2	0	0	0	0	2	8	0	594
29:25:00	105900	6	10	0	594	0	0	0	0	2	1	0	3	0	1	0	1	0	0	0	0	4	8	0	590
29:30:00	106200	7	10	0	591	0	0	0	0	2	2	0	3	0	0	0	1	0	0	0	0	5	8	0	587
29:35:00	106500	2	3	0	590	0	0	0	0	0	0	0	3	0	0	0	1	0	0	0	0	2	3	0	586
29:40:00	106800	5	9	0	586	0	0	0	0	0	2	0	1	1	1	0	1	0	0	0	0	4	6	0	584
29:45:00	107100	5	7	0	584	0	0	0	0	0	1	0	0	0	0	0	1	0	0	0	0	5	6	0	583
29:50:00	107400	8	10	0	582	0	0	0	0	1	0	0	1	2	0	0	3	0	0	0	0	5	10	0	578
29:55:00	107700	2	3	0	581	0	0	0	0	0	0	0	1	0	0	0	3	0	0	0	0	2	3	0	577
30:00:00	108000	0	0	581	0	0	0	0	0	0	0	1	0	0	0	3	0	0	0	0	0	0	0	577	0
30:05:00	108300	0	0	0	0	0	0	0	0	0	0	0	0	0	0	0	0	0	0	0	0	0	0	0	0
